!=107,23,2,7,5
"=2,30,3,6,5
#=22,33,0,0,0
$=14,0,4,8,5
%=26,33,0,0,0
&=18,33,0,0,0
'=11,30,2,6,5
(=68,23,3,7,5
)=78,23,3,7,5
*=30,33,0,0,0
+=96,23,3,6,5
,=88,23,2,8,5
-=101,23,4,5,5
.=111,23,2,7,5
/=92,16,4,7,5
0=8,16,4,7,5
1=68,9,4,7,5
2=74,16,4,7,5
3=74,9,4,7,5
4=44,9,4,7,5
5=50,9,4,7,5
6=92,9,4,7,5
7=32,9,4,7,5
8=80,16,4,7,5
9=26,16,4,7,5
:=119,23,2,7,5
;=92,23,2,8,5
<=116,9,4,7,5
==62,23,4,6,5
>=56,9,4,7,5
?=32,23,4,7,5
@=20,33,0,0,0
A=26,9,4,7,5
B=110,9,4,7,5
C=62,0,4,7,5
D=8,23,4,7,5
E=26,23,4,7,5
F=38,9,4,7,5
G=98,9,4,7,5
H=116,16,4,7,5
I=2,9,4,7,5
J=26,0,4,7,5
K=44,23,4,7,5
L=14,9,4,7,5
M=62,16,4,7,5
N=92,0,4,7,5
O=44,16,4,7,5
P=14,16,4,7,5
Q=20,0,4,8,5
R=20,16,4,7,5
S=20,23,4,7,5
T=38,0,4,7,5
U=2,16,4,7,5
V=2,23,4,7,5
W=68,16,4,7,5
X=110,0,4,7,5
Y=14,23,4,7,5
Z=50,23,4,7,5
[=73,23,3,7,5
\=38,23,4,7,5
]=83,23,3,7,5
^=34,33,0,0,0
_=104,9,4,7,5
`=7,30,2,6,5
a=50,16,4,7,5
b=32,16,4,7,5
c=116,0,4,7,5
d=56,23,4,7,5
e=50,0,4,7,5
f=68,0,4,7,5
g=80,9,4,7,5
h=74,0,4,7,5
i=86,16,4,7,5
j=104,0,4,7,5
k=38,16,4,7,5
l=56,16,4,7,5
m=32,0,4,7,5
n=8,9,4,7,5
o=80,0,4,7,5
p=86,0,4,7,5
q=8,0,4,8,5
r=110,16,4,7,5
s=98,16,4,7,5
t=62,9,4,7,5
u=86,9,4,7,5
v=44,0,4,7,5
w=20,9,4,7,5
x=98,0,4,7,5
y=56,0,4,7,5
z=104,16,4,7,5
{=28,33,0,0,0
|=15,30,1,9,4
}=24,33,0,0,0
~=32,33,0,0,0
=15,30,1,9,4
Ё=74,39,4,7,5
А=2,39,4,7,5
Б=14,39,4,7,5
В=26,39,4,7,5
Г=38,39,4,7,5
Д=50,39,4,7,5
Е=62,39,4,7,5
Ж=86,39,4,7,5
З=98,39,4,7,5
И=110,39,4,7,5
Й=2,48,4,7,5
К=14,48,4,7,5
Л=26,48,4,7,5
М=38,48,4,7,5
Н=50,48,4,7,5
О=62,48,4,7,5
П=74,48,4,7,5
Р=86,48,4,7,5
С=98,48,4,7,5
Т=110,48,4,7,5
У=2,55,4,7,5
Ф=14,55,4,7,5
Х=26,55,4,7,5
Ц=38,55,4,7,5
Ч=50,55,4,7,5
Ш=62,55,4,7,5
Щ=74,55,4,7,5
Ъ=86,55,4,7,5
Ы=98,55,4,7,5
Ь=110,55,4,7,5
Э=2,62,4,7,5
Ю=14,62,4,7,5
Я=26,62,4,7,5
а=8,39,4,7,5
б=20,39,4,7,5
в=32,39,4,7,5
г=44,39,4,7,5
д=56,39,4,7,5
е=68,39,4,7,5
ж=92,39,4,7,5
з=104,39,4,7,5
и=116,39,4,7,5
й=8,48,4,7,5
к=20,48,4,7,5
л=32,48,4,7,5
м=44,48,4,7,5
н=56,48,4,7,5
о=68,48,4,7,5
п=80,48,4,7,5
р=92,48,4,7,5
с=104,48,4,7,5
т=116,48,4,7,5
у=8,55,4,7,5
ф=20,55,4,7,5
х=32,55,4,7,5
ц=44,55,4,7,5
ч=56,55,4,7,5
ш=68,55,4,7,5
щ=80,55,4,7,5
ъ=92,55,4,7,5
ы=104,55,4,7,5
ь=116,55,4,7,5
э=8,62,4,7,5
ю=20,62,4,7,5
я=32,62,4,7,5
ё=80,39,4,7,5
